Some((
    red: 0.33333334,
    green: 0.2784314,
    blue: 0.25882354,
))