Some((
    red: 0.5537789,
    green: 0.6148133,
    blue: 0.7445115,
))